0 0.9509218749999963 0.46866666666666107 0.0965937499999903 0.2226666666666645
0 0.8459218749999932 0.12588888888888758 0.12546874999999816 0.19499999999999745
0 0.7972656249999979 0.23783333333333076 0.11515624999999836 0.17499999999999682
0 0.651296874999999 0.39416666666666444 0.03921874999999987 0.0683333333333328
0 0.5746093749999921 0.08222222222221806 0.2259687499999864 0.16166666666665833
0 0.40068124999999993 0.513566666666666 0.050625 0.07166666666666661
0 0.36143749999999936 0.7059999999999995 0.040312499999999946 0.0733333333333339
0 0.11917187499999947 0.8976666666666592 0.10109374999999954 0.14666666666666536
0 0.1148906249999995 0.6061666666666566 0.08984374999999932 0.1383333333333328
0 0.40371875 0.19349999999999976 0.04124999999999999 0.075
