0 0.9732812499999958 0.16222222222221908 0.05187499999998888 0.19499999999999504
0 0.9472656249999983 0.2858333333333299 0.10390624999999684 0.1749999999999964
0 0.8089843749999989 0.4366666666666644 0.03921874999999987 0.0683333333333328
0 0.7832031249999868 0.03805555555555136 0.18640624999997718 0.07333333333332494
0 0.5557812499999997 0.5199999999999988 0.050625 0.07166666666666661
0 0.4995312499999993 0.7099999999999987 0.040312499999999946 0.0733333333333339
0 0.2549218749999995 0.8741666666666587 0.10109374999999954 0.14666666666666536
0 0.26132812499999936 0.5858333333333229 0.08984374999999932 0.1383333333333328
0 0.5698437499999995 0.20833333333333295 0.04124999999999999 0.075
0 0.026093749999999298 0.42611111111110733 0.046874999999999396 0.09833333333333215
