0 0.9828906249999999 0.49916666666666304 0.03265624999999857 0.06833333333333269
0 0.9847656249999998 0.5058333333333291 0.028906249999998124 0.06833333333333261
0 0.9847656249999998 0.5058333333333291 0.028906249999998124 0.06833333333333261
0 0.7310937499999991 0.5591666666666646 0.050625 0.07166666666666661
0 0.6724999999999988 0.7333333333333312 0.040312499999999946 0.0733333333333339
0 0.41992187499999944 0.8649999999999913 0.10109374999999954 0.14666666666666536
0 0.439453124999999 0.5741666666666554 0.08984374999999932 0.1383333333333328
0 0.7601562499999985 0.2408333333333328 0.04124999999999999 0.075
0 0.20851562499999907 0.39083333333332715 0.06640624999999951 0.09833333333333165
0 0.027421874999999925 0.7183333333333316 0.05328125000000013 0.2633333333333359
0 0.12171875 0.04583333333333336 0.04124999999999999 0.07833333333333334
