0 0.888203124999998 0.4323333333333319 0.14140624999999912 0.23000000000000154
0 0.7454218749999936 0.1055555555555543 0.12546874999999816 0.19499999999999745
0 0.7052031249999984 0.21049999999999736 0.11515624999999836 0.17499999999999682
0 0.562046874999999 0.3764999999999977 0.03921874999999987 0.0683333333333328
0 0.47204687499999454 0.10055555555555137 0.23984374999999106 0.19833333333332498
0 0.31428125 0.5164999999999992 0.050625 0.07166666666666661
0 0.2798749999999997 0.7073333333333329 0.040312499999999946 0.0733333333333339
0 0.04848437499999955 0.9086666666666611 0.08346874999999944 0.14666666666666572
0 0.033703124999999834 0.6231666666666623 0.0658437499999999 0.13833333333333409
0 0.3125669642857142 0.19757936507936477 0.04124999999999999 0.075
