0 0.897578124999998 0.4319999999999986 0.14140624999999912 0.23000000000000154
0 0.7542343749999936 0.10722222222222098 0.12546874999999816 0.19499999999999745
0 0.7132656249999983 0.20983333333333065 0.11515624999999836 0.17499999999999682
0 0.569734374999999 0.37783333333333097 0.03921874999999987 0.0683333333333328
0 0.4844218749999945 0.10055555555555137 0.23984374999999106 0.19833333333332498
0 0.32159375000000007 0.5178333333333324 0.050625 0.07166666666666661
0 0.28868749999999976 0.705333333333333 0.040312499999999946 0.0733333333333339
0 0.05279687499999957 0.9076666666666611 0.08571874999999946 0.14666666666666578
0 0.036890624999999795 0.6228333333333278 0.07221874999999982 0.13833333333333386
0 0.32033482142857134 0.19678571428571395 0.04124999999999999 0.075
