0 0.9680989583333326 0.492499999999997 0.035572916666665816 0.06833333333333276
0 0.9260156250000091 0.05907407407406945 0.1464062499999708 0.11537037037036113
0 0.7131770833333326 0.5517592592592574 0.050625 0.07166666666666661
0 0.6583333333333323 0.7333333333333314 0.040312499999999946 0.0733333333333339
0 0.4065885416666662 0.865740740740732 0.10109374999999954 0.14666666666666536
0 0.42361979166666586 0.5734259259259149 0.08984374999999932 0.1383333333333328
0 0.743906249999999 0.23712962962962905 0.04124999999999999 0.075
0 0.1893489583333325 0.39305555555554933 0.06640624999999951 0.09833333333333165
0 0.021241319444444417 0.7238888888888882 0.04161458333333343 0.2211111111111126
0 0.10390625 0.04916666666666668 0.04124999999999999 0.07833333333333334
