0 0.860078124999998 0.43333333333333185 0.14140624999999912 0.23000000000000154
0 0.7189843749999938 0.10055555555555427 0.12546874999999816 0.19499999999999745
0 0.6810156249999981 0.21249999999999744 0.11515624999999836 0.17499999999999682
0 0.5389843749999991 0.37249999999999794 0.03921874999999987 0.0683333333333328
0 0.4349218749999946 0.10055555555555137 0.23984374999999106 0.19833333333332498
0 0.2923437499999999 0.5124999999999994 0.050625 0.07166666666666661
0 0.2534374999999997 0.7133333333333326 0.040312499999999946 0.0733333333333339
0 0.037890624999999734 0.9116666666666636 0.07203124999999973 0.1466666666666662
0 0.02414062499999995 0.6241666666666656 0.046718750000000135 0.13833333333333472
0 0.28919034090909074 0.1997727272727269 0.04124999999999999 0.075
