0 0.9705859374999963 0.1622222222222193 0.05726562499998968 0.19499999999999532
0 0.944453124999998 0.2833333333333302 0.1095312499999976 0.17499999999999663
0 0.8042968749999989 0.43458333333333116 0.03921874999999987 0.0683333333333328
0 0.7799218749999868 0.03805555555555136 0.18640624999997718 0.07333333333332494
0 0.5520312499999998 0.5212499999999988 0.050625 0.07166666666666661
0 0.4950781249999993 0.7116666666666654 0.040312499999999946 0.0733333333333339
0 0.2516406249999995 0.8745833333333253 0.10109374999999954 0.14666666666666536
0 0.25664062499999934 0.5858333333333229 0.08984374999999932 0.1383333333333328
0 0.5651562499999995 0.20874999999999966 0.04124999999999999 0.075
0 0.021484374999999317 0.4274999999999966 0.042968749999999375 0.09833333333333223
