0 0.9093689903846134 0.4342307692307676 0.1398918269230757 0.23000000000000145
0 0.7673737980769169 0.1097863247863235 0.12546874999999816 0.19499999999999745
0 0.7255829326923058 0.21070512820512563 0.11515624999999836 0.17499999999999682
0 0.5813161057692299 0.3805769230769209 0.03921874999999987 0.0683333333333328
0 0.5005468749999946 0.10055555555555137 0.23984374999999106 0.19833333333332498
0 0.33203124999999994 0.5169444444444437 0.050625 0.07166666666666661
0 0.30060096153846116 0.7035897435897428 0.040312499999999946 0.0733333333333339
0 0.05929687499999958 0.9066666666666605 0.09234374999999952 0.14666666666666564
0 0.044140624999999684 0.6219444444444369 0.08234374999999959 0.13833333333333334
0 0.33198660714285694 0.1955952380952377 0.04124999999999999 0.075
