0 0.9286959134615371 0.4547435897435863 0.12777644230768834 0.2300000000000009
0 0.8019891826923014 0.11696581196581064 0.12546874999999816 0.19499999999999745
0 0.7596213942307677 0.22301282051281787 0.11515624999999836 0.17499999999999682
0 0.6124699519230763 0.3918589743589723 0.03921874999999987 0.0683333333333328
0 0.5305468749999946 0.10055555555555137 0.23984374999999106 0.19833333333332498
0 0.3616812499999999 0.5128999999999991 0.050625 0.07166666666666661
0 0.3254086538461534 0.7056410256410246 0.040312499999999946 0.0733333333333339
0 0.08504687499999955 0.9056666666666591 0.10109374999999954 0.14666666666666536
0 0.07589062499999953 0.6148333333333231 0.08984374999999932 0.1383333333333328
0 0.36305803571428524 0.1924206349206344 0.04124999999999999 0.075
