0 0.9717968749999994 0.4941666666666636 0.034843749999999 0.06833333333333275
0 0.9271093750000092 0.061111111111106446 0.14421874999997025 0.11944444444443512
0 0.7176562499999993 0.5536111111111093 0.050625 0.07166666666666661
0 0.661874999999999 0.7333333333333314 0.040312499999999946 0.0733333333333339
0 0.40992187499999955 0.8655555555555469 0.10109374999999954 0.14666666666666536
0 0.4275781249999992 0.5736111111111001 0.08984374999999932 0.1383333333333328
0 0.747968749999999 0.23805555555555497 0.04124999999999999 0.075
0 0.19414062499999918 0.39249999999999374 0.06640624999999951 0.09833333333333165
0 0.022786458333333294 0.7224999999999993 0.044531250000000105 0.23166666666666846
0 0.108359375 0.048333333333333346 0.04124999999999999 0.07833333333333334
