0 0.9467343749999969 0.4674444444444393 0.10496874999999178 0.22511111111110982
0 0.8370468749999932 0.12411111111110981 0.12546874999999816 0.19499999999999745
0 0.7903906249999979 0.23494444444444185 0.11515624999999836 0.17499999999999682
0 0.643546874999999 0.39527777777777556 0.03921874999999987 0.0683333333333328
0 0.5649218749999929 0.08833333333332917 0.23059374999998794 0.17388888888888054
0 0.39288124999999996 0.5134333333333325 0.050625 0.07166666666666661
0 0.3535624999999994 0.7062222222222216 0.040312499999999946 0.0733333333333339
0 0.11254687499999949 0.9001111111111035 0.10109374999999954 0.14666666666666536
0 0.1071406249999995 0.6077222222222122 0.08984374999999932 0.1383333333333328
0 0.39534375 0.19261111111111087 0.04124999999999999 0.075
