0 0.9786718749999949 0.16222222222221866 0.04109374999998729 0.19499999999999448
0 0.9528906249999989 0.29083333333332917 0.0926562499999953 0.17499999999999594
0 0.8183593749999989 0.4408333333333311 0.03921874999999987 0.0683333333333328
0 0.7897656249999868 0.03805555555555136 0.18640624999997718 0.07333333333332494
0 0.5632812499999996 0.5174999999999988 0.050625 0.07166666666666661
0 0.5084374999999992 0.7066666666666653 0.040312499999999946 0.0733333333333339
0 0.26148437499999944 0.8733333333333253 0.10109374999999954 0.14666666666666536
0 0.27070312499999943 0.5858333333333229 0.08984374999999932 0.1383333333333328
0 0.5792187499999994 0.2074999999999996 0.04124999999999999 0.075
0 0.03531249999999926 0.42333333333332873 0.05468749999999943 0.09833333333333194
