0 0.9190324519230753 0.4444871794871769 0.13383413461538202 0.23000000000000118
0 0.7846814903846091 0.11337606837606706 0.12546874999999816 0.19499999999999745
0 0.7426021634615367 0.21685897435897175 0.11515624999999836 0.17499999999999682
0 0.5968930288461531 0.3862179487179466 0.03921874999999987 0.0683333333333328
0 0.5155468749999946 0.10055555555555137 0.23984374999999106 0.19833333333332498
0 0.3460812499999999 0.5126333333333324 0.050625 0.07166666666666661
0 0.3130048076923073 0.7046153846153836 0.040312499999999946 0.0733333333333339
0 0.07079687499999955 0.9063333333333258 0.10109374999999954 0.14666666666666536
0 0.060140624999999545 0.6188333333333232 0.08984374999999932 0.1383333333333328
0 0.3475223214285711 0.19400793650793605 0.04124999999999999 0.075
