0 0.9655781249999938 0.4729444444444373 0.06728124999998517 0.21411111111110587
0 0.8769843749999927 0.1321111111111098 0.12546874999999816 0.19499999999999745
0 0.8213281249999979 0.24794444444444197 0.11515624999999836 0.17499999999999682
0 0.6784218749999993 0.39027777777777545 0.03921874999999987 0.0683333333333328
0 0.608515624999989 0.06083333333332918 0.209781249999981 0.11888888888888058
0 0.42798125 0.5140333333333327 0.050625 0.07166666666666661
0 0.3889999999999991 0.7052222222222221 0.040312499999999946 0.0733333333333339
0 0.1423593749999994 0.8891111111111037 0.10109374999999954 0.14666666666666536
0 0.14201562499999945 0.6007222222222124 0.08984374999999932 0.1383333333333328
0 0.4330312500000002 0.19661111111111088 0.04124999999999999 0.075
