0 0.9809375000000007 0.6676666666666633 0.03656249999999888 0.07166666666666646
0 0.9809375000000009 0.6691666666666634 0.03656249999999888 0.07166666666666646
0 0.9809375000000009 0.6691666666666634 0.03656249999999888 0.07166666666666646
0 0.9408124999999979 0.8283333333333316 0.040312499999999946 0.0733333333333339
0 0.6794218749999947 0.9168611111111094 0.1076562499999977 0.16349999999999887
0 0.7210781249999992 0.6201666666666545 0.08984374999999932 0.1383333333333328
0 0.5093593749999987 0.3961666666666601 0.06640624999999951 0.09833333333333165
0 0.22729687499999682 0.7011666666666434 0.21265624999999524 0.3799999999999939
0 0.2455468749999992 0.20833333333333198 0.07296874999999917 0.12666666666666876
0 0.4383593749999976 0.03055555555555549 0.041249999999999745 0.058333333333333195
