0 0.9359435096153835 0.4624358974358933 0.12323317307691807 0.23000000000000068
0 0.8149699519230705 0.11965811965811833 0.12546874999999816 0.19499999999999745
0 0.7723858173076908 0.22762820512820248 0.11515624999999836 0.17499999999999682
0 0.6241526442307687 0.3960897435897416 0.03921874999999987 0.0683333333333328
0 0.5417968749999946 0.10055555555555137 0.23984374999999106 0.19833333333332498
0 0.3733812499999999 0.5130999999999992 0.050625 0.07166666666666661
0 0.33471153846153806 0.7064102564102552 0.040312499999999946 0.0733333333333339
0 0.09573437499999952 0.9051666666666591 0.10109374999999954 0.14666666666666536
0 0.08770312499999955 0.6118333333333231 0.08984374999999932 0.1383333333333328
0 0.3747098214285709 0.19123015873015817 0.04124999999999999 0.075
