0 0.9488281249999966 0.4680555555555502 0.10078124999999105 0.22388888888888714
0 0.8414843749999932 0.12499999999999871 0.12546874999999816 0.19499999999999745
0 0.7938281249999979 0.2363888888888863 0.11515624999999836 0.17499999999999682
0 0.647421874999999 0.39472222222222003 0.03921874999999987 0.0683333333333328
0 0.5697656249999925 0.08527777777777361 0.22828124999998717 0.16777777777776945
0 0.3967812499999999 0.5134999999999992 0.050625 0.07166666666666661
0 0.3574999999999994 0.7061111111111106 0.040312499999999946 0.0733333333333339
0 0.11585937499999949 0.8988888888888813 0.10109374999999954 0.14666666666666536
0 0.11101562499999951 0.6069444444444344 0.08984374999999932 0.1383333333333328
0 0.39953125 0.1930555555555553 0.04124999999999999 0.075
