0 0.9619140625 0.5037499999999937 0.06640624999999951 0.09833333333333165
0 0.9660156250000003 0.505833333333327 0.06640624999999951 0.09833333333333165
0 0.9660156250000003 0.505833333333327 0.06640624999999951 0.09833333333333165
0 0.6714843749999965 0.7229166666666437 0.21265624999999524 0.3799999999999939
0 0.7329296874999988 0.22937499999999858 0.07296874999999917 0.12666666666666876
0 0.06878906249999801 0.737395833333317 0.13085937499999672 0.48729166666664064
0 0.08546874999999965 0.4612499999999974 0.1207812499999994 0.22833333333333036
0 0.9414687499999956 0.11955555555555536 0.041249999999999634 0.07333333333333303
0 0.8393749999999903 0.047555555555555074 0.06018749999999991 0.09233333333333242
0 0.9664999999999955 0.03658333333333315 0.06543750000000084 0.06983333333333298
0 0.9089374999999997 0.041916666666666644 0.053437500000000054 0.05349999999999998
