0 0.9142007211538443 0.43935897435897225 0.13686298076922887 0.23000000000000131
0 0.776027644230763 0.11158119658119528 0.12546874999999816 0.19499999999999745
0 0.7340925480769213 0.2137820512820487 0.11515624999999836 0.17499999999999682
0 0.5891045673076915 0.3833974358974338 0.03921874999999987 0.0683333333333328
0 0.5080468749999946 0.10055555555555137 0.23984374999999106 0.19833333333332498
0 0.33828124999999987 0.5124999999999991 0.050625 0.07166666666666661
0 0.30680288461538424 0.7041025641025632 0.040312499999999946 0.0733333333333339
0 0.06367187499999954 0.9066666666666591 0.10109374999999954 0.14666666666666536
0 0.052265624999999545 0.6208333333333232 0.08984374999999932 0.1383333333333328
0 0.33975446428571404 0.1948015873015869 0.04124999999999999 0.075
