0 0.9791927083333332 0.4974999999999967 0.03338541666666538 0.06833333333333273
0 0.9292968750000096 0.06518518518518043 0.1398437499999692 0.1275925925925831
0 0.9303906250000097 0.06722222222221744 0.13765624999996867 0.1316666666666571
0 0.9303906250000097 0.06722222222221744 0.13765624999996867 0.1316666666666571
0 0.7266145833333327 0.5573148148148129 0.050625 0.07166666666666661
0 0.6689583333333324 0.7333333333333314 0.040312499999999946 0.0733333333333339
0 0.4165885416666663 0.8651851851851765 0.10109374999999954 0.14666666666666536
0 0.43549479166666594 0.5739814814814705 0.08984374999999932 0.1383333333333328
0 0.756093749999999 0.2399074074074068 0.04124999999999999 0.075
0 0.20372395833333254 0.3913888888888826 0.06640624999999951 0.09833333333333165
0 0.025876736111111055 0.7197222222222213 0.05036458333333346 0.25277777777778015
0 0.117265625 0.04666666666666669 0.04124999999999999 0.07833333333333334
