0 0.883515624999998 0.43249999999999855 0.14140624999999912 0.23000000000000154
0 0.7410156249999936 0.10472222222222097 0.12546874999999816 0.19499999999999745
0 0.7011718749999983 0.21083333333333068 0.11515624999999836 0.17499999999999682
0 0.558203124999999 0.3758333333333311 0.03921874999999987 0.0683333333333328
0 0.4658593749999945 0.10055555555555137 0.23984374999999106 0.19833333333332498
0 0.310625 0.5158333333333325 0.050625 0.07166666666666661
0 0.2754687499999997 0.7083333333333328 0.040312499999999946 0.0733333333333339
0 0.04632812499999954 0.909166666666661 0.08234374999999944 0.14666666666666572
0 0.03210937499999986 0.6233333333333295 0.06265624999999994 0.1383333333333342
0 0.3086830357142856 0.1979761904761902 0.04124999999999999 0.075
