0 0.9069531249999979 0.4316666666666652 0.14140624999999912 0.23000000000000154
0 0.7630468749999938 0.10888888888888759 0.12546874999999816 0.19499999999999745
0 0.721328124999998 0.2091666666666641 0.11515624999999836 0.17499999999999682
0 0.5774218749999991 0.3791666666666645 0.03921874999999987 0.0683333333333328
0 0.4967968749999946 0.10055555555555137 0.23984374999999106 0.19833333333332498
0 0.32890624999999996 0.5191666666666659 0.050625 0.07166666666666661
0 0.29749999999999965 0.7033333333333326 0.040312499999999946 0.0733333333333339
0 0.0571093749999996 0.9066666666666612 0.08796874999999953 0.14666666666666578
0 0.04007812499999975 0.6224999999999937 0.07859374999999971 0.1383333333333336
0 0.3281026785714284 0.19599206349206313 0.04124999999999999 0.075
