0 0.9262800480769217 0.452179487179484 0.12929086538461176 0.23000000000000095
0 0.7976622596153783 0.11606837606837475 0.12546874999999816 0.19499999999999745
0 0.7553665865384599 0.22147435897435636 0.11515624999999836 0.17499999999999682
0 0.6085757211538455 0.3904487179487159 0.03921874999999987 0.0683333333333328
0 0.5267968749999946 0.10055555555555137 0.23984374999999106 0.19833333333332498
0 0.3577812499999999 0.5128333333333325 0.050625 0.07166666666666661
0 0.3223076923076919 0.7053846153846144 0.040312499999999946 0.0733333333333339
0 0.08148437499999955 0.9058333333333257 0.10109374999999954 0.14666666666666536
0 0.07195312499999953 0.6158333333333232 0.08984374999999932 0.1383333333333328
0 0.35917410714285675 0.19281746031745983 0.04124999999999999 0.075
