0 0.9613906249999945 0.4717222222222155 0.07565624999998663 0.21655555555555117
0 0.8681093749999929 0.13033333333333202 0.12546874999999816 0.19499999999999745
0 0.8144531249999979 0.24505555555555303 0.11515624999999836 0.17499999999999682
0 0.6706718749999991 0.39138888888888657 0.03921874999999987 0.0683333333333328
0 0.5988281249999899 0.0669444444444403 0.21440624999998253 0.1311111111111028
0 0.42018124999999995 0.5138999999999992 0.050625 0.07166666666666661
0 0.3811249999999992 0.7054444444444442 0.040312499999999946 0.0733333333333339
0 0.1357343749999994 0.8915555555555481 0.10109374999999954 0.14666666666666536
0 0.13426562499999947 0.6022777777777679 0.08984374999999932 0.1383333333333328
0 0.4246562500000002 0.195722222222222 0.04124999999999999 0.075
