0 0.9425468749999976 0.4662222222222175 0.11334374999999326 0.22755555555555515
0 0.8281718749999933 0.12233333333333204 0.12546874999999816 0.19499999999999745
0 0.7835156249999978 0.23205555555555293 0.11515624999999836 0.17499999999999682
0 0.635796874999999 0.39638888888888674 0.03921874999999987 0.0683333333333328
0 0.5552343749999937 0.09444444444444028 0.23521874999998948 0.18611111111110276
0 0.38508124999999993 0.5132999999999992 0.050625 0.07166666666666661
0 0.3456874999999994 0.7064444444444438 0.040312499999999946 0.0733333333333339
0 0.10592187499999951 0.9025555555555479 0.10109374999999954 0.14666666666666536
0 0.09939062499999952 0.6092777777777677 0.08984374999999932 0.1383333333333328
0 0.3869687499999999 0.191722222222222 0.04124999999999999 0.075
