0 0.9238641826923062 0.44961538461538164 0.1308052884615352 0.23000000000000104
0 0.7933353365384552 0.11517094017093886 0.12546874999999816 0.19499999999999745
0 0.7511117788461522 0.2199358974358948 0.11515624999999836 0.17499999999999682
0 0.6046814903846147 0.38903846153845945 0.03921874999999987 0.0683333333333328
0 0.5230468749999946 0.10055555555555137 0.23984374999999106 0.19833333333332498
0 0.35388124999999987 0.5127666666666658 0.050625 0.07166666666666661
0 0.3192067307692304 0.7051282051282041 0.040312499999999946 0.0733333333333339
0 0.07792187499999956 0.9059999999999924 0.10109374999999954 0.14666666666666536
0 0.06801562499999954 0.6168333333333232 0.08984374999999932 0.1383333333333328
0 0.3552901785714282 0.19321428571428523 0.04124999999999999 0.075
