0 0.9721093750000037 0.30016666666666003 0.05421874999998923 0.17499999999999447
0 0.9721093750000057 0.30249999999999333 0.05421874999998923 0.17499999999999447
0 0.9721093750000057 0.30249999999999333 0.05421874999998923 0.17499999999999447
0 0.871796874999999 0.4566666666666643 0.03921874999999987 0.0683333333333328
0 0.8624218749999852 0.040972222222218024 0.18640624999997704 0.07916666666665825
0 0.6161979166666662 0.5278703703703689 0.050625 0.07166666666666661
0 0.5620833333333322 0.7168518518518502 0.040312499999999946 0.0733333333333339
0 0.3147135416666661 0.8648148148148066 0.10109374999999954 0.14666666666666536
0 0.3273697916666659 0.5743518518518411 0.08984374999999932 0.1383333333333328
0 0.6378124999999991 0.20999999999999955 0.04124999999999999 0.075
0 0.08903645833333253 0.4110185185185125 0.06640624999999951 0.09833333333333165
