0 0.9214483173076907 0.44705128205127925 0.1323197115384586 0.2300000000000011
0 0.7890084134615322 0.11427350427350297 0.12546874999999816 0.19499999999999745
0 0.7468569711538444 0.2183974358974333 0.11515624999999836 0.17499999999999682
0 0.6007872596153839 0.38762820512820306 0.03921874999999987 0.0683333333333328
0 0.5192968749999946 0.10055555555555137 0.23984374999999106 0.19833333333332498
0 0.34998124999999985 0.5126999999999992 0.050625 0.07166666666666661
0 0.31610576923076883 0.7048717948717939 0.040312499999999946 0.0733333333333339
0 0.07435937499999955 0.906166666666659 0.10109374999999954 0.14666666666666536
0 0.06407812499999954 0.6178333333333232 0.08984374999999932 0.1383333333333328
0 0.35140624999999964 0.19361111111111065 0.04124999999999999 0.075
