0 0.9754947916666663 0.4958333333333302 0.03411458333333219 0.06833333333333275
0 0.9282031250000093 0.06314814814814344 0.14203124999996974 0.12351851851850912
0 0.722135416666666 0.555462962962961 0.050625 0.07166666666666661
0 0.6654166666666658 0.7333333333333314 0.040312499999999946 0.0733333333333339
0 0.41325520833333296 0.8653703703703617 0.10109374999999954 0.14666666666666536
0 0.4315364583333326 0.5737962962962854 0.08984374999999932 0.1383333333333328
0 0.752031249999999 0.23898148148148088 0.04124999999999999 0.075
0 0.19893229166666587 0.39194444444443816 0.06640624999999951 0.09833333333333165
0 0.024331597222222175 0.7211111111111103 0.047447916666666784 0.2422222222222243
0 0.1128125 0.047500000000000014 0.04124999999999999 0.07833333333333334
