0 0.9375520833333324 0.6312037037037014 0.050625 0.07166666666666661
0 0.8726041666666646 0.7938888888888869 0.040312499999999946 0.0733333333333339
0 0.6101822916666627 0.9003703703703598 0.10765624999999793 0.1777777777777787
0 0.6515364583333323 0.5986111111110997 0.08984374999999932 0.1383333333333328
0 0.9759895833333332 0.31583333333333236 0.04124999999999999 0.075
0 0.97859375 0.317499999999999 0.04124999999999999 0.075
0 0.97859375 0.317499999999999 0.04124999999999999 0.075
0 0.42570312499999885 0.3810185185185121 0.06640624999999951 0.09833333333333165
0 0.1486718749999969 0.7124074074073846 0.21265624999999524 0.3799999999999939
0 0.15971354166666593 0.2155555555555541 0.07296874999999917 0.12666666666666876
0 0.34859374999999937 0.03222222222222221 0.04124999999999991 0.05499999999999998
