0 0.9676718749999935 0.4735555555555482 0.06309374999998445 0.2128888888888832
0 0.9697656249999932 0.474166666666659 0.05890624999998371 0.21166666666666054
0 0.9697656249999932 0.474166666666659 0.05890624999998371 0.21166666666666054
0 0.8814218749999927 0.13299999999999867 0.12546874999999816 0.19499999999999745
0 0.8247656249999978 0.2493888888888864 0.11515624999999836 0.17499999999999682
0 0.6822968749999992 0.38972222222221986 0.03921874999999987 0.0683333333333328
0 0.6133593749999886 0.057777777777773626 0.20746874999998022 0.11277777777776947
0 0.43188125 0.5140999999999993 0.050625 0.07166666666666661
0 0.3929374999999991 0.705111111111111 0.040312499999999946 0.0733333333333339
0 0.1456718749999994 0.8878888888888815 0.10109374999999954 0.14666666666666536
0 0.14589062499999944 0.5999444444444346 0.08984374999999932 0.1383333333333328
0 0.43721875000000027 0.19705555555555532 0.04124999999999999 0.075
