0 0.9644010416666657 0.49083333333333046 0.036302083333332624 0.06833333333333277
0 0.924921875000009 0.05703703703703245 0.14859374999997133 0.11129629629628714
0 0.7086979166666658 0.5499074074074055 0.050625 0.07166666666666661
0 0.6547916666666656 0.7333333333333314 0.040312499999999946 0.0733333333333339
0 0.40325520833333284 0.8659259259259173 0.10109374999999954 0.14666666666666536
0 0.4196614583333325 0.5732407407407297 0.08984374999999932 0.1383333333333328
0 0.739843749999999 0.23620370370370314 0.04124999999999999 0.075
0 0.18455729166666582 0.3936111111111049 0.06640624999999951 0.09833333333333165
0 0.019696180555555536 0.7252777777777772 0.03869791666666675 0.21055555555555674
0 0.099453125 0.05000000000000001 0.04124999999999999 0.07833333333333334
