0 0.9383593749999983 0.46499999999999575 0.12171874999999474 0.23000000000000045
0 0.8192968749999935 0.12055555555555428 0.12546874999999816 0.19499999999999745
0 0.7766406249999979 0.22916666666666402 0.11515624999999836 0.17499999999999682
0 0.6280468749999991 0.39749999999999786 0.03921874999999987 0.0683333333333328
0 0.5455468749999945 0.10055555555555137 0.23984374999999106 0.19833333333332498
0 0.3772812499999999 0.5131666666666659 0.050625 0.07166666666666661
0 0.3378124999999995 0.7066666666666659 0.040312499999999946 0.0733333333333339
0 0.09929687499999953 0.9049999999999924 0.10109374999999954 0.14666666666666536
0 0.09164062499999953 0.6108333333333232 0.08984374999999932 0.1383333333333328
0 0.37859374999999984 0.1908333333333331 0.04124999999999999 0.075
