0 0.902265624999998 0.43183333333333196 0.14140624999999912 0.23000000000000154
0 0.7586406249999935 0.10805555555555432 0.12546874999999816 0.19499999999999745
0 0.7172968749999984 0.2094999999999973 0.11515624999999836 0.17499999999999682
0 0.5735781249999989 0.3784999999999976 0.03921874999999987 0.0683333333333328
0 0.49060937499999446 0.10055555555555137 0.23984374999999106 0.19833333333332498
0 0.32525000000000004 0.5184999999999991 0.050625 0.07166666666666661
0 0.29309374999999976 0.704333333333333 0.040312499999999946 0.0733333333333339
0 0.05495312499999958 0.9071666666666611 0.08684374999999946 0.14666666666666578
0 0.03848437499999977 0.6226666666666606 0.07540624999999979 0.13833333333333375
0 0.32421874999999983 0.19638888888888853 0.04124999999999999 0.075
