0 0.9533072916666652 0.48583333333333073 0.038489583333333056 0.0683333333333328
0 0.9216406250000085 0.05092592592592146 0.15515624999997293 0.09907407407406515
0 0.6952604166666657 0.5443518518518501 0.050625 0.07166666666666661
0 0.6441666666666654 0.7333333333333314 0.040312499999999946 0.0733333333333339
0 0.3932552083333328 0.8664814814814729 0.10109374999999954 0.14666666666666536
0 0.40778645833333244 0.5726851851851742 0.08984374999999932 0.1383333333333328
0 0.727656249999999 0.23342592592592537 0.04124999999999999 0.075
0 0.1701822916666658 0.3952777777777716 0.06640624999999951 0.09833333333333165
0 0.015060763888888898 0.7294444444444443 0.029947916666666713 0.17888888888888918
0 0.08609375 0.0525 0.04124999999999999 0.07833333333333334
