0 0.9311117788461526 0.45730769230768864 0.1262620192307649 0.23000000000000081
0 0.8063161057692244 0.11786324786324653 0.12546874999999816 0.19499999999999745
0 0.7638762019230754 0.22455128205127942 0.11515624999999836 0.17499999999999682
0 0.6163641826923071 0.39326923076922876 0.03921874999999987 0.0683333333333328
0 0.5342968749999946 0.10055555555555137 0.23984374999999106 0.19833333333332498
0 0.3655812499999999 0.5129666666666658 0.050625 0.07166666666666661
0 0.328509615384615 0.7058974358974348 0.040312499999999946 0.0733333333333339
0 0.08860937499999955 0.9054999999999924 0.10109374999999954 0.14666666666666536
0 0.07982812499999953 0.6138333333333231 0.08984374999999932 0.1383333333333328
0 0.3669419642857138 0.19202380952380899 0.04124999999999999 0.075
