0 0.9446406249999972 0.4668333333333284 0.10915624999999253 0.22633333333333247
0 0.8326093749999933 0.12322222222222093 0.12546874999999816 0.19499999999999745
0 0.7869531249999979 0.23349999999999738 0.11515624999999836 0.17499999999999682
0 0.639671874999999 0.39583333333333115 0.03921874999999987 0.0683333333333328
0 0.5600781249999933 0.09138888888888472 0.2329062499999887 0.17999999999999164
0 0.38898124999999995 0.5133666666666659 0.050625 0.07166666666666661
0 0.3496249999999994 0.7063333333333327 0.040312499999999946 0.0733333333333339
0 0.10923437499999951 0.9013333333333258 0.10109374999999954 0.14666666666666536
0 0.10326562499999951 0.6084999999999899 0.08984374999999932 0.1383333333333328
0 0.3911562499999999 0.19216666666666643 0.04124999999999999 0.075
