0 0.9759765624999952 0.16222222222221888 0.04648437499998808 0.19499999999999473
0 0.9500781249999986 0.2883333333333295 0.09828124999999607 0.1749999999999962
0 0.8136718749999988 0.43874999999999775 0.03921874999999987 0.0683333333333328
0 0.7864843749999868 0.03805555555555136 0.18640624999997718 0.07333333333332494
0 0.5595312499999997 0.5187499999999988 0.050625 0.07166666666666661
0 0.5039843749999993 0.708333333333332 0.040312499999999946 0.0733333333333339
0 0.2582031249999995 0.8737499999999919 0.10109374999999954 0.14666666666666536
0 0.26601562499999937 0.5858333333333229 0.08984374999999932 0.1383333333333328
0 0.5745312499999995 0.20791666666666628 0.04124999999999999 0.075
0 0.03070312499999928 0.424722222222218 0.05078124999999942 0.09833333333333204
