0 0.957005208333332 0.4874999999999973 0.03776041666666625 0.06833333333333279
0 0.9227343750000087 0.05296296296295846 0.1529687499999724 0.10314814814813915
0 0.6997395833333324 0.5462037037037019 0.050625 0.07166666666666661
0 0.6477083333333321 0.7333333333333314 0.040312499999999946 0.0733333333333339
0 0.39658854166666613 0.8662962962962877 0.10109374999999954 0.14666666666666536
0 0.4117447916666658 0.5728703703703594 0.08984374999999932 0.1383333333333328
0 0.731718749999999 0.2343518518518513 0.04124999999999999 0.075
0 0.17497395833333246 0.39472222222221603 0.06640624999999951 0.09833333333333165
0 0.01660590277777778 0.7280555555555552 0.03286458333333339 0.18944444444444503
0 0.090546875 0.051666666666666666 0.04124999999999999 0.07833333333333334
