0 0.869453124999998 0.43299999999999855 0.14140624999999912 0.23000000000000154
0 0.7277968749999937 0.10222222222222095 0.12546874999999816 0.19499999999999745
0 0.6890781249999982 0.21183333333333074 0.11515624999999836 0.17499999999999682
0 0.546671874999999 0.3738333333333312 0.03921874999999987 0.0683333333333328
0 0.4472968749999946 0.10055555555555137 0.23984374999999106 0.19833333333332498
0 0.29965624999999996 0.5138333333333326 0.050625 0.07166666666666661
0 0.2622499999999997 0.7113333333333327 0.040312499999999946 0.0733333333333339
0 0.0398593749999995 0.910666666666661 0.0789687499999994 0.14666666666666567
0 0.02732812499999991 0.6238333333333312 0.05309375000000006 0.1383333333333345
0 0.2970312499999999 0.19916666666666644 0.04124999999999999 0.075
