0 0.874140624999998 0.4328333333333319 0.14140624999999912 0.23000000000000154
0 0.7322031249999936 0.10305555555555429 0.12546874999999816 0.19499999999999745
0 0.6931093749999983 0.21149999999999738 0.11515624999999836 0.17499999999999682
0 0.5505156249999991 0.37449999999999783 0.03921874999999987 0.0683333333333328
0 0.45348437499999456 0.10055555555555137 0.23984374999999106 0.19833333333332498
0 0.3033125 0.5144999999999993 0.050625 0.07166666666666661
0 0.2666562499999997 0.7103333333333327 0.040312499999999946 0.0733333333333339
0 0.042015624999999515 0.910166666666661 0.08009374999999942 0.1466666666666657
0 0.028921874999999892 0.6236666666666639 0.05628125000000002 0.13833333333333442
0 0.30091517857142847 0.198769841269841 0.04124999999999999 0.075
