0 0.9634843749999942 0.4723333333333264 0.0714687499999859 0.21533333333332852
0 0.8725468749999927 0.1312222222222209 0.12546874999999816 0.19499999999999745
0 0.8178906249999979 0.2464999999999975 0.11515624999999836 0.17499999999999682
0 0.6745468749999992 0.39083333333333103 0.03921874999999987 0.0683333333333328
0 0.6036718749999895 0.06388888888888473 0.21209374999998176 0.12499999999999169
0 0.42408124999999997 0.513966666666666 0.050625 0.07166666666666661
0 0.38506249999999914 0.7053333333333331 0.040312499999999946 0.0733333333333339
0 0.1390468749999994 0.8903333333333259 0.10109374999999954 0.14666666666666536
0 0.13814062499999946 0.6014999999999902 0.08984374999999932 0.1383333333333328
0 0.4288437500000002 0.19616666666666643 0.04124999999999999 0.075
