0 0.9530156249999959 0.46927777777777196 0.09240624999998957 0.22144444444444183
0 0.850359374999993 0.12677777777777646 0.12546874999999816 0.19499999999999745
0 0.8007031249999979 0.2392777777777752 0.11515624999999836 0.17499999999999682
0 0.6551718749999991 0.39361111111110886 0.03921874999999987 0.0683333333333328
0 0.5794531249999916 0.0791666666666625 0.22365624999998562 0.15555555555554723
0 0.40458124999999995 0.5136333333333326 0.050625 0.07166666666666661
0 0.3653749999999993 0.7058888888888885 0.040312499999999946 0.0733333333333339
0 0.12248437499999947 0.8964444444444369 0.10109374999999954 0.14666666666666536
0 0.11876562499999949 0.6053888888888789 0.08984374999999932 0.1383333333333328
0 0.4079062500000001 0.1939444444444442 0.04124999999999999 0.075
