0 0.940453124999998 0.46561111111110665 0.11753124999999401 0.2287777777777778
0 0.8237343749999934 0.12144444444444316 0.12546874999999816 0.19499999999999745
0 0.7800781249999978 0.23061111111110846 0.11515624999999836 0.17499999999999682
0 0.6319218749999991 0.3969444444444423 0.03921874999999987 0.0683333333333328
0 0.5503906249999941 0.09749999999999583 0.23753124999999028 0.19222222222221386
0 0.3811812499999999 0.5132333333333325 0.050625 0.07166666666666661
0 0.3417499999999995 0.7065555555555548 0.040312499999999946 0.0733333333333339
0 0.10260937499999953 0.9037777777777701 0.10109374999999954 0.14666666666666536
0 0.09551562499999953 0.6100555555555455 0.08984374999999932 0.1383333333333328
0 0.3827812499999999 0.19127777777777755 0.04124999999999999 0.075
