0 0.9335276442307681 0.459871794871791 0.1247475961538415 0.23000000000000076
0 0.8106430288461475 0.11876068376068244 0.12546874999999816 0.19499999999999745
0 0.768131009615383 0.22608974358974096 0.11515624999999836 0.17499999999999682
0 0.6202584134615379 0.39467948717948514 0.03921874999999987 0.0683333333333328
0 0.5380468749999946 0.10055555555555137 0.23984374999999106 0.19833333333332498
0 0.36948124999999993 0.5130333333333325 0.050625 0.07166666666666661
0 0.3316105769230765 0.706153846153845 0.040312499999999946 0.0733333333333339
0 0.09217187499999953 0.9053333333333258 0.10109374999999954 0.14666666666666536
0 0.08376562499999954 0.6128333333333231 0.08984374999999932 0.1383333333333328
0 0.37082589285714235 0.1916269841269836 0.04124999999999999 0.075
