0 0.9496093749999983 0.48416666666666414 0.03921874999999987 0.0683333333333328
0 0.9205468750000084 0.04888888888888446 0.15734374999997347 0.09499999999999115
0 0.690781249999999 0.5424999999999982 0.050625 0.07166666666666661
0 0.6406249999999987 0.7333333333333314 0.040312499999999946 0.0733333333333339
0 0.3899218749999994 0.866666666666658 0.10109374999999954 0.14666666666666536
0 0.4038281249999991 0.572499999999989 0.08984374999999932 0.1383333333333328
0 0.723593749999999 0.23249999999999946 0.04124999999999999 0.075
0 0.16539062499999913 0.39583333333332715 0.06640624999999951 0.09833333333333165
0 0.013515625000000017 0.7308333333333333 0.027031250000000034 0.16833333333333333
0 0.08063920454545455 0.05265151515151512 0.04124999999999999 0.07833333333333334
