0 0.878828124999998 0.43266666666666526 0.14140624999999912 0.23000000000000154
0 0.7366093749999937 0.10388888888888763 0.12546874999999816 0.19499999999999745
0 0.6971406249999983 0.21116666666666403 0.11515624999999836 0.17499999999999682
0 0.554359374999999 0.37516666666666443 0.03921874999999987 0.0683333333333328
0 0.45967187499999457 0.10055555555555137 0.23984374999999106 0.19833333333332498
0 0.30696875 0.5151666666666659 0.050625 0.07166666666666661
0 0.2710624999999997 0.7093333333333328 0.040312499999999946 0.0733333333333339
0 0.04417187499999953 0.909666666666661 0.08121874999999942 0.1466666666666657
0 0.030515624999999873 0.6234999999999967 0.05946874999999998 0.1383333333333343
0 0.3047991071428571 0.1983730158730156 0.04124999999999999 0.075
