0 0.9607031249999989 0.48916666666666386 0.03703124999999943 0.06833333333333277
0 0.9238281250000088 0.054999999999995455 0.15078124999997186 0.10722222222221314
0 0.7042187499999991 0.5480555555555537 0.050625 0.07166666666666661
0 0.6512499999999989 0.7333333333333314 0.040312499999999946 0.0733333333333339
0 0.3999218749999995 0.8661111111111025 0.10109374999999954 0.14666666666666536
0 0.4157031249999992 0.5730555555555445 0.08984374999999932 0.1383333333333328
0 0.735781249999999 0.23527777777777723 0.04124999999999999 0.075
0 0.17976562499999915 0.39416666666666045 0.06640624999999951 0.09833333333333165
0 0.018151041666666656 0.7266666666666662 0.03578125000000007 0.2000000000000009
0 0.095 0.05083333333333334 0.04124999999999999 0.07833333333333334
