0 0.9166165865384598 0.4419230769230746 0.13534855769230544 0.23000000000000123
0 0.780354567307686 0.11247863247863117 0.12546874999999816 0.19499999999999745
0 0.7383473557692289 0.2153205128205102 0.11515624999999836 0.17499999999999682
0 0.5929987980769222 0.3848076923076902 0.03921874999999987 0.0683333333333328
0 0.5117968749999946 0.10055555555555137 0.23984374999999106 0.19833333333332498
0 0.3421812499999999 0.5125666666666657 0.050625 0.07166666666666661
0 0.30990384615384575 0.7043589743589734 0.040312499999999946 0.0733333333333339
0 0.06723437499999955 0.9064999999999924 0.10109374999999954 0.14666666666666536
0 0.05620312499999955 0.6198333333333232 0.08984374999999932 0.1383333333333328
0 0.34363839285714254 0.19440476190476147 0.04124999999999999 0.075
