0 0.7006949013157862 0.7282456140350646 0.21265624999999524 0.3799999999999939
0 0.7628495065789461 0.24456140350877056 0.07296874999999917 0.12666666666666876
0 0.08278371710526077 0.7310964912280518 0.15976151315789067 0.5014912280701467
0 0.11269325657894695 0.4511842105263131 0.1207812499999994 0.22833333333333033
0 0.9744687499999998 0.1315555555555554 0.041249999999999634 0.07333333333333303
0 0.8843749999999824 0.05688888888888774 0.08418750000000885 0.11099999999999774
0 0.9859999999999937 0.04258333333333314 0.026437499999996963 0.08183333333333297
0 0.9884374999999934 0.04333333333333314 0.021562499999996484 0.08333333333333297
0 0.9884374999999934 0.04333333333333314 0.021562499999996484 0.08333333333333297
0 0.9554374999999972 0.043916666666666535 0.05343749999999991 0.08149999999999981
