0 0.9807812499999927 0.1709722222222183 0.03687499999998657 0.1774999999999939
0 0.9828906249999906 0.17972222222221795 0.03265624999998585 0.15999999999999337
0 0.9828906249999906 0.17972222222221795 0.03265624999998585 0.15999999999999337
0 0.9554687499999984 0.2908333333333289 0.08749999999999457 0.17499999999999574
0 0.8235156249999989 0.4416666666666644 0.03921874999999987 0.0683333333333328
0 0.7925781249999866 0.03888888888888469 0.18640624999997718 0.07333333333332494
0 0.5665624999999995 0.5216666666666654 0.050625 0.07166666666666661
0 0.512656249999999 0.7083333333333318 0.040312499999999946 0.0733333333333339
0 0.2685156249999994 0.8724999999999921 0.10109374999999954 0.14666666666666536
0 0.2744531249999994 0.5833333333333229 0.08984374999999932 0.1383333333333328
0 0.5839062499999993 0.20833333333333293 0.04124999999999999 0.075
0 0.039921874999999246 0.42194444444443946 0.05859374999999945 0.09833333333333183
