0 0.9117848557692289 0.4367948717948699 0.1383774038461523 0.2300000000000014
0 0.7717007211538399 0.11068376068375939 0.12546874999999816 0.19499999999999745
0 0.7298377403846135 0.21224358974358715 0.11515624999999836 0.17499999999999682
0 0.5852103365384607 0.38198717948717736 0.03921874999999987 0.0683333333333328
0 0.5042968749999946 0.10055555555555137 0.23984374999999106 0.19833333333332498
0 0.33515624999999993 0.5147222222222214 0.050625 0.07166666666666661
0 0.30370192307692273 0.703846153846153 0.040312499999999946 0.0733333333333339
0 0.061484374999999564 0.9066666666666597 0.09671874999999952 0.1466666666666655
0 0.04820312499999961 0.62138888888888 0.08609374999999947 0.1383333333333331
0 0.3358705357142855 0.1951984126984123 0.04124999999999999 0.075
