0 0.864765624999998 0.4331666666666652 0.14140624999999912 0.23000000000000154
0 0.7233906249999937 0.10138888888888761 0.12546874999999816 0.19499999999999745
0 0.6850468749999982 0.2121666666666641 0.11515624999999836 0.17499999999999682
0 0.5428281249999991 0.3731666666666646 0.03921874999999987 0.0683333333333328
0 0.4411093749999946 0.10055555555555137 0.23984374999999106 0.19833333333332498
0 0.29599999999999993 0.513166666666666 0.050625 0.07166666666666661
0 0.2578437499999997 0.7123333333333326 0.040312499999999946 0.0733333333333339
0 0.03887499999999962 0.9111666666666624 0.07549999999999957 0.14666666666666595
0 0.02573437499999993 0.6239999999999984 0.049906250000000096 0.1383333333333346
0 0.29311079545454527 0.1994696969696966 0.04124999999999999 0.075
