0 0.9592968749999948 0.4711111111111046 0.07984374999998736 0.21777777777777385
0 0.8636718749999929 0.12944444444444314 0.12546874999999816 0.19499999999999745
0 0.8110156249999979 0.24361111111110859 0.11515624999999836 0.17499999999999682
0 0.6667968749999992 0.39194444444444215 0.03921874999999987 0.0683333333333328
0 0.5939843749999903 0.06999999999999584 0.2167187499999833 0.1372222222222139
0 0.41628125 0.5138333333333326 0.050625 0.07166666666666661
0 0.37718749999999923 0.7055555555555553 0.040312499999999946 0.0733333333333339
0 0.13242187499999944 0.8927777777777703 0.10109374999999954 0.14666666666666536
0 0.13039062499999945 0.6030555555555456 0.08984374999999932 0.1383333333333328
0 0.42046875000000017 0.19527777777777755 0.04124999999999999 0.075
