0 0.9551093749999956 0.4698888888888828 0.08821874999998883 0.22022222222221915
0 0.854796874999993 0.12766666666666537 0.12546874999999816 0.19499999999999745
0 0.8041406249999978 0.24072222222221967 0.11515624999999836 0.17499999999999682
0 0.6590468749999991 0.39305555555555327 0.03921874999999987 0.0683333333333328
0 0.5842968749999912 0.07611111111110695 0.22134374999998485 0.1494444444444361
0 0.40848124999999996 0.5136999999999993 0.050625 0.07166666666666661
0 0.36931249999999927 0.7057777777777774 0.040312499999999946 0.0733333333333339
0 0.12579687499999945 0.8952222222222147 0.10109374999999954 0.14666666666666536
0 0.12264062499999948 0.6046111111111011 0.08984374999999932 0.1383333333333328
0 0.4120937500000001 0.19438888888888864 0.04124999999999999 0.075
