0 0.9572031249999953 0.4704999999999937 0.0840312499999881 0.2189999999999965
0 0.859234374999993 0.12855555555555426 0.12546874999999816 0.19499999999999745
0 0.8075781249999978 0.24216666666666412 0.11515624999999836 0.17499999999999682
0 0.6629218749999991 0.39249999999999774 0.03921874999999987 0.0683333333333328
0 0.5891406249999908 0.07305555555555139 0.21903124999998408 0.143333333333325
0 0.41238125 0.5137666666666659 0.050625 0.07166666666666661
0 0.37324999999999925 0.7056666666666663 0.040312499999999946 0.0733333333333339
0 0.12910937499999944 0.8939999999999926 0.10109374999999954 0.14666666666666536
0 0.12651562499999947 0.6038333333333233 0.08984374999999932 0.1383333333333328
0 0.4162812500000001 0.19483333333333308 0.04124999999999999 0.075
